2020-05-26, Baden-Württem­berg, 34.466, +35, 368, 3,3
2020-05-26, Bayern, 46.456, +130, 738, 5,6
2020-05-26, Berlin, 6.652, +10, 155, 4,1
2020-05-26, Brandenburg, 3.236, 22, 29, 1,2
2020-05-26, Bremen, 1.313, +1, 75, 11,0
2020-05-26, Hamburg, 5.069, 0, 23, 1,2
2020-05-26, Hessen, 9.804, 34, 336, 5,4
2020-05-26, Mecklenburg- Vor­pommern, 760, 0, 10, 0,6
2020-05-26, Niedersachsen, 11.646, 68, 361, 4,5
2020-05-26, Nordrhein-West­falen, 37.395, +97, 769, 4,3
2020-05-26, Rhein­land-Pfalz, 6.600, +4, 82, 2,0
2020-05-26, Saarland, 2.727, +11, 22, 2,2
2020-05-26, Sachsen, 5.236, +5, 89, 2,2
2020-05-26, Sachsen-Anhalt, 1.698, +4, 19, 0,9
2020-05-26, Schles­wig-Holstein, 3.067, +5, 64, 2,2
2020-05-26, Thüringen, 2.877, +6, 120, 5,6
2020-05-26, Gesamt, 179.002, +432, 3.260, 3,9
