Baden-Württem­berg	65.085	1.953	6.803	61,3	1.957
Bayern	86.054	1.964	8.753	66,7	2.734
Berlin	24.481	783	3.882	105,8	245
Branden­burg	6.020	72	675	26,8	179
Bremen	3.876	8	508	74,6	63
Hamburg	10.683	276	975	52,8	283
Hessen	29.398	958	5.063	80,5	600
Meck­lenburg-Vor­pommern	1.936	59	318	19,8	21
Nieder­sachsen	28.078	652	2.973	37,2	723
Nord­rhein-West­falen	100.247	2.740	13.363	74,5	1.994
Rhein­land-Pfalz	15.186	546	2.067	50,5	267
Saarland	4.856	231	686	69,5	178
Sachsen	12.071	564	2.146	52,7	272
Sachsen-Anhalt	3.642	155	505	23	73
Schles­wig-Holstein	6.284	137	742	25,6	164
Thüringen	5.394	144	664	31,1	201
Gesamt	403.291	11.242	50.123	60,3	9.954
