2020-05-27, Baden-Württem­berg, 34.500, +34, 311, 2,8
2020-05-27, Bayern, 46.458, +2, 631, 4,8
2020-05-27, Berlin, 6.673, +21, 128, 3,4
2020-05-27, Branden-burg, 3.246, +10, 33, 1,3
2020-05-27, Bremen, 1.322, +9, 65, 9,5
2020-05-27, Hamburg, 5.072, +3, 23, 1,2
2020-05-27, Hessen, 9.860, +56, 314, 5,0
2020-05-27, Meck-lenburg- Vor­pommern, 760, 0, 9, 0,6
2020-05-27, Nieder-sachsen, 11.678, +32, 330, 4,1
2020-05-27, Nord-rhein-West­falen, 37.541, +146, 712, 4,0
2020-05-27, Rhein­land-Pfalz, 6.611, +11, 67, 1,6
2020-05-27, Saarland, 2.730, +3, 21, 2,1
2020-05-27, Sachsen, 5.247, +11, 69, 1,7
2020-05-27, Sachsen-Anhalt, 1.698, 0, 12, 0,5
2020-05-27, Schles­wig-Holstein, 3.070, +3, 53, 1,8
2020-05-27, Thüringen, 2.898, +21, 109, 5,1
2020-05-27, Gesamt, 179.364, +362, 2.887, 3,5
