2020-05-28, Baden-Württem­berg, 34.129, -371, 261, 2,4
2020-05-28, Bayern, 46.729, +271, 695, 5,3
2020-05-28, Berlin, 6.703, +30, 110, 2,9
2020-05-28, Branden-burg, 3.261, +15, 26, 1,0
2020-05-28, Bremen, 1.348, +26, 73, 10,7
2020-05-28, Hamburg, 5.076, +4, 15, 0,8
2020-05-28, Hessen, 9.915, +55, 281, 4,5
2020-05-28, Meck-lenburg- Vor­pommern, 760, 0, 1, 0,1
2020-05-28, Nieder-sachsen, 11.750, +72, 311, 3,9
2020-05-28, Nord-rhein-West­falen, 37.698, +157, 702, 3,9
2020-05-28, Rhein­land-Pfalz, 6.652, +41, 76, 1,9
2020-05-28, Saarland, 2.731, +1, 20, 2,0
2020-05-28, Sachsen, 5.260, +13, 51, 1,3
2020-05-28, Sachsen-Anhalt, 1.701, +3, 11, 0,5
2020-05-28, Schles­wig-Holstein, 3.072, +2, 46, 1,6
2020-05-28, Thüringen, 2.932, +34, 122, 5,7
2020-05-28, Gesamt, 179.717, +353, 2.801, 3,4
