Baden-Württem­berg	66.838	+1.753	7.496	67,5	1.966
Bayern	88.319	+2.265	9.767	74,4	2.740
Berlin	25.374	+893	4.139	112,8	248
Branden­burg	6.309	+289	804	31,9	180
Bremen	4.152	+276	685	100,6	64
Hamburg	11.043	+360	1.164	63,0	283
Hessen	31.128	+1.730	5.903	93,9	607
Meck­lenburg-Vor­pommern	2.056	+120	389	24,2	21
Nieder­sachsen	29.101	+1.023	3.441	43,0	728
Nord­rhein-West­falen	104.617	+4.370	15.703	87,5	2.008
Rhein­land-Pfalz	15.781	+595	2.348	57,4	268
Saarland	5.008	+152	700	70,9	178
Sachsen	12.453	+382	2.219	54,5	273
Sachsen-Anhalt	3.760	+118	534	24,3	73
Schles­wig-Holstein	6.520	+236	882	30,4	164
Thüringen	5.546	+152	692	32,4	202
Gesamt	418.005	+14.714	56.866	68,4	10.003
